

2
1 OK
2 


4
1 OK
2 
3 OK
4 


6
1 OK
2 
3 
4 
5 OK
6 

2 and 4 cannot.

1 7
3 9
5 11


8
1 OK
2 
3 OK
4 
5 OK
6 
7 OK
8 


10
1 OK
2 
3 OK
4 
5 
6 
7 OK
8 
9 OK
10 


30
0 
1 OK
2 
3 
4 
5 
6 
7 OK
8 
9 
10 
11 OK
12 
13 OK
14 
15 
16 
17 OK
18 
19 OK
20 
21 
22 
23 OK
24 
25 
26 
27 
28 
29 OK



3 5
+ 2 
+ 4
+ 2



90
1 OK
2 
3 
4 
5 
6 
7 OK
8 
9 
10 
11 OK
12 
13 OK
14 
15 
16 
17 OK
18 
19 OK
20 
21 
22 
23 OK
24 
25 
26 
27 
28 
29 OK
30 
31 OK
32 
33 
34 
35 
36 
37 OK
38 
39 
40 
41 OK
42 
43 OK
44 
45 
46 
47 OK
48 
49 OK
50 
51 
52 
53 OK
54 
55 
56 
57 
58 
59 OK
60 
61 OK
62 
63 
64 
65 
66 
67 OK
68 
69 
70 
71 OK
72 
73 OK
74 
75 
76 
77 OK
78 
79 OK
80 
81 
82 
83 OK
84 
85 
86 
87 
88 
89 OK
90 
